{
 "cells": [
  {
   "cell_type": "code",
   "execution_count": 1,
   "metadata": {},
   "outputs": [],
   "source": [
    "import numpy as np\n",
    "import pandas as pd"
   ]
  },
  {
   "cell_type": "code",
   "execution_count": 2,
   "metadata": {},
   "outputs": [],
   "source": [
    "from myproject import LSHkCenters"
   ]
  },
  {
   "cell_type": "code",
   "execution_count": 3,
   "metadata": {},
   "outputs": [],
   "source": [
    "X = np.array(\n",
    "    [[0, 0, 0], [0, 1, 1], [0, 0, 0], [1, 0, 1], [2, 2, 2], [2, 3, 2], [2, 3, 2]]\n",
    ")\n",
    "y = np.array([0, 0, 0, 0, 1, 1, 1])"
   ]
  },
  {
   "cell_type": "code",
   "execution_count": 4,
   "metadata": {},
   "outputs": [],
   "source": [
    "# data = pd.read_csv(\"datasets/soybean-small.data.csv\", header=None)\n",
    "# X = data.iloc[:, :-1].values\n",
    "# y = data.iloc[:, -1].values\n",
    "# # y has values [D1,D2,D3,D4] but we need [0,1,2,3]\n",
    "# y = np.unique(y, return_inverse=True)[1]"
   ]
  },
  {
   "cell_type": "code",
   "execution_count": 5,
   "metadata": {},
   "outputs": [
    {
     "name": "stdout",
     "output_type": "stream",
     "text": [
      "X\n",
      " [[0 0 0]\n",
      " [0 1 1]\n",
      " [0 0 0]\n",
      " [1 0 1]\n",
      " [2 2 2]\n",
      " [2 3 2]\n",
      " [2 3 2]]\n",
      "SU_matrix\n",
      " [[0.         0.60689525 0.58669983]\n",
      " [0.48219867 0.         0.530354  ]\n",
      " [0.56402686 0.63104655 0.        ]]\n",
      "dist_matrices\n",
      " [array([[0.        , 0.        , 0.        , 0.24743583, 0.49487166,\n",
      "        0.49487166, 0.49487166],\n",
      "       [0.        , 0.        , 0.        , 0.24743583, 0.49487166,\n",
      "        0.49487166, 0.49487166],\n",
      "       [0.        , 0.        , 0.        , 0.24743583, 0.49487166,\n",
      "        0.49487166, 0.49487166],\n",
      "       [0.24743583, 0.24743583, 0.24743583, 0.        , 0.40406102,\n",
      "        0.40406102, 0.40406102],\n",
      "       [0.49487166, 0.49487166, 0.49487166, 0.40406102, 0.        ,\n",
      "        0.        , 0.        ],\n",
      "       [0.49487166, 0.49487166, 0.49487166, 0.40406102, 0.        ,\n",
      "        0.        , 0.        ],\n",
      "       [0.49487166, 0.49487166, 0.49487166, 0.40406102, 0.        ,\n",
      "        0.        , 0.        ]]), array([[0.        , 0.24743583, 0.        , 0.        , 0.34992711,\n",
      "        0.42857143, 0.42857143],\n",
      "       [0.24743583, 0.        , 0.24743583, 0.24743583, 0.20203051,\n",
      "        0.31943828, 0.31943828],\n",
      "       [0.        , 0.24743583, 0.        , 0.        , 0.34992711,\n",
      "        0.42857143, 0.42857143],\n",
      "       [0.        , 0.24743583, 0.        , 0.        , 0.34992711,\n",
      "        0.42857143, 0.42857143],\n",
      "       [0.34992711, 0.20203051, 0.34992711, 0.34992711, 0.        ,\n",
      "        0.14285714, 0.14285714],\n",
      "       [0.42857143, 0.31943828, 0.42857143, 0.42857143, 0.14285714,\n",
      "        0.        , 0.        ],\n",
      "       [0.42857143, 0.31943828, 0.42857143, 0.42857143, 0.14285714,\n",
      "        0.        , 0.        ]]), array([[0.        , 0.20203051, 0.        , 0.20203051, 0.47380354,\n",
      "        0.47380354, 0.47380354],\n",
      "       [0.20203051, 0.        , 0.20203051, 0.        , 0.42857143,\n",
      "        0.42857143, 0.42857143],\n",
      "       [0.        , 0.20203051, 0.        , 0.20203051, 0.47380354,\n",
      "        0.47380354, 0.47380354],\n",
      "       [0.20203051, 0.        , 0.20203051, 0.        , 0.42857143,\n",
      "        0.42857143, 0.42857143],\n",
      "       [0.47380354, 0.42857143, 0.47380354, 0.42857143, 0.        ,\n",
      "        0.        , 0.        ],\n",
      "       [0.47380354, 0.42857143, 0.47380354, 0.42857143, 0.        ,\n",
      "        0.        , 0.        ],\n",
      "       [0.47380354, 0.42857143, 0.47380354, 0.42857143, 0.        ,\n",
      "        0.        , 0.        ]])]\n"
     ]
    }
   ],
   "source": [
    "kcens = LSHkCenters(X, y, n_init=5, k=2)\n",
    "#kcens.do_cluster()"
   ]
  }
 ],
 "metadata": {
  "kernelspec": {
   "display_name": "base",
   "language": "python",
   "name": "python3"
  },
  "language_info": {
   "codemirror_mode": {
    "name": "ipython",
    "version": 3
   },
   "file_extension": ".py",
   "mimetype": "text/x-python",
   "name": "python",
   "nbconvert_exporter": "python",
   "pygments_lexer": "ipython3",
   "version": "3.11.5"
  },
  "orig_nbformat": 4
 },
 "nbformat": 4,
 "nbformat_minor": 2
}
